16cygb 19 41 52.0 50 31 00
BD+02_2711 13 42 20 +01 29 58
BD+28_4211 21 51 11.1 +28 51 51.0
BD+33_2642 15 52 00.0 32 57 00
BD-04_4226 17 05 15 -05 05 05
BD-12_2918 09 31 19.3 -13 29 19
BD-12_4523 16 30 18 -12 39 08
F_108 23 16 12 -01 50 35
Feige_11 01 04 21.7 +04 13 37
Feige_110 23 19 59.0 -05 10 00
Feige_16 01 54 34.6 06 46 00
Feige_22 02 30 16.6 +05 15 52 0
Feige_24 02 35 07.5 +03 43 57 0
Feige_34 10 39 37.0 43 06 00
Feige_66 12 37 24.0 25 04 00
Feige_67 12 41 52.0 17 31 00
G102_22 05 42 09.2 +12 29 21
G10_50 11 47 44 +00 48 55
G12_43 12 33 20 +09 01 08
G138_25 16 25 14 +15 41 15
G14_55 13 28 22 -02 21 28
G153_41 16 17 55.0 -15 36 00
G156_31 22 38 28 -15 19 17
G156_57 22 53 16 -14 15 38
G162_66 10 33 43 -11 40 39
G162_66 10 33 43.0 -11 42 00
G163_27 10 57 35 -07 31 23
G163_50 11 08 00 -05 09 26
G163_50 11 08 00.0 -05 09 00
G163_51 11 08 07 -05 13 47
G163_51 11 08 07.0 -05 14 00
G163_6 10 42 55 +02 47 22
G191b2b 05 05 31.0 52 50 00
G21_15 18 27 13 +04 03 05
G26_7 21 31 16 -09 47 28
G3_33 02 00 13.0 +13 03 07
G44_27 10 36 02 +05 07 11
G44_40 10 50 54 +06 48 57
G45_20 10 56 38 +07 02 23
G93_48 21 52 25.4 +02 23 21.5
G97_42 05 28 00.0 +09 38 39
GD_108 10 00 47 -07 33 31
GD_246 23 12 35 +10 50 27
GD_50 03 48 50.1 -00 58 33
GD_71 05 52 27.6 +15 53 12
HD_27836 04 24 13.0 14 46 00
HD_93521 10 48 24.0 37 34 00
HZ_21 12 13 56.0 32 57 00
HZ_4 03 55 21.9 +09 47 18.3
HZ_44 13 23 35.0 36 08 00
MARK_A 20 43 52 -10 46 52
MARK_A1 20 43 51 -10 46 21
MARK_A2 20 43 47 -10 44 42
MARK_A3 20 43 55 -10 44 49
PG0029+024 00 31 42.1 +02 37 45
PG0039+049 00 42 06.1 +05 09 23
PG0220+132 02 23 38.4 +13 27 35
PG0220+132A 02 23 39.9 +13 27 30
PG0220+132B 02 23 33.9 +13 28 04
PG0231+051 02 33 41.3 +05 18 45
PG0231+051A 02 33 40.1 +05 17 43
PG0231+051B 02 33 45.5 +05 17 34
PG0231+051C 02 33 48.2 +05 20 28
PG0231+051D 02 33 33.9 +05 19 33
PG0231+051E 02 33 28.9 +05 19 49
PG0918+029 09 21 28.2 +02 46 03.1
PG0918+029A 09 21 35.1 +02 46 20.2
PG0918+029B 09 21 32.9 +02 48 00.1
PG0918+029C 09 21 42.3 +02 46 37.7
PG0918+029D 09 21 21.9 +02 47 29.0
PG0942+029 09 45 11.8 03 09 21
PG0942+029A 09 45 09.9 03 10 15
PG0942+029B 09 45 11.6 03 06 58
PG0942+029C 09 45 14.4 03 06 41
PG0942+029D 09 45 08.6 03 05 55
PG1034+001 10 37 17 -00 07 25
PG1047+003 10 50 03 -00 00 30
PG1047+003A 10 50 06 -00 01 06
PG1047+003B 10 50 09 -00 01 58
PG1047+003C 10 50 18 -00 00 21
PG1323-086 13 25 39 -08 49 18
PG1323-086A 13 25 49 -08 50 24
PG1323-086B 13 25 50 -08 51 55
PG1323-086C 13 25 50 -08 48 39
PG1323-086D 13 26 05 -08 50 36
PG1407-013 14 10 26 -01 30 16
PG1514+034 15 17 14 +03 10 22
PG1525-071 15 28 11 -07 16 32
PG1525-071A 15 28 13 -07 15 59
PG1525-071B 15 28 14 -07 16 13
PG1525-071C 15 28 16 -07 14 26
PG1525-071D 15 28 12 -07 16 38
PG1528+062 15 30 50 +06 00 51
PG1528+062A 15 30 49 +06 01 19
PG1528+062B 15 30 40 +06 01 06
PG1528+062C 15 30 56 +06 00 02
PG1530+057 15 33 11 +05 32 22
PG1530+057A 15 33 10 +05 33 40
PG1530+057B 15 33 18 +05 33 43
PG1633+099 16 35 24.0 +09 47 49.9
PG1633+099A 16 35 26.0 +09 47 53.3
PG1633+099B 16 35 33.3 +09 46 20.8
PG1633+099C 16 35 37.3 +09 46 15.8
PG1633+099D 16 35 40.1 +09 46 41.7
PG1647+056 16 50 18 +05 32 48
PG1657+078 16 59 32 +07 43 25
PG1657+078A 16 59 33 +07 42 19
PG1657+078B 16 59 32 +07 42 05
PG1657+078C 16 59 35 +07 42 20
PG2213-006 22 16 28.4 -00 21 12.9
PG2213-006A 22 16 23.2 -00 21 26.6
PG2213-006B 22 16 21.7 -00 21 48.1
PG2213-006C 22 16 17.7 -00 22 13.9
PG2317+046 23 19 55 +04 52 34
PG2331+055 23 33 44.5 +05 46 39.8
PG2331+055A 23 33 49.4 +05 46 52.7
PG2331+055B 23 33 51.1 +05 45 08.9
PG2336+004 23 38 43 +00 42 55
PG2336+004A 23 38 42 +00 42 24
PG2336+004B 23 38 38 +00 42 42
Rubin149 07 24 14.4 -00 33 04
Rubin149A 07 24 13.2 -00 32 53
Rubin149B 07 24 17.6 -00 33 05
Rubin149C 07 24 17.2 -00 32 25
Rubin149D 07 24 15.4 -00 32 48
Rubin149E 07 24 18.3 -00 31 18
Rubin149F 07 24 14.0 -00 31 38
Rubin149G 07 24 11.9 -00 31 58
Rubin152 07 29 58.6 -02 06 35.9
Rubin152A 07 30 00.7 -02 06 22.6
Rubin152B 07 29 59.3 -02 05 55.7
Rubin152C 07 30 02.6 -02 05 37.9
Rubin152D 07 30 06.1 -02 04 35.9
Rubin152E 07 29 54.3 -02 05 29.2
Rubin152F 07 29 53.8 -02 04 50.3
SA_100_162 08 53 14.4 -00 43 30
SA_100_241 08 52 34.0 -00 39 50
SA_100_267 08 53 17.2 -00 41 31
SA_100_269 08 53 18.4 -00 41 11
SA_100_280 08 53 35.4 -00 36 42
SA_100_394 08 53 54.5 -00 32 24
SA_101_207 09 57 52.5 -00 47 35.8
SA_101_262 09 56 08.1 -00 29 51
SA_101_268 09 56 17.6 -00 31 59
SA_101_270 09 56 27.1 -00 35 45
SA_101_278 09 56 54.5 -00 29 40
SA_101_281 09 57 05.0 -00 31 44
SA_101_315 09 54 51.3 -00 27 32
SA_101_316 09 54 52.0 -00 18 35
SA_101_320 09 55 32.9 -00 22 34
SA_101_324 09 55 56.6 -00 23 15
SA_101_326 09 56 08.1 -00 27 12
SA_101_327 09 56 08.9 -00 25 53
SA_101_329 09 56 19.0 -00 26 00
SA_101_330 09 56 20.6 -00 27 23
SA_101_338 09 57 17.8 -00 21 00.2
SA_101_339 09 57 19 -00 24 48
SA_101_341 09 57 29.8 -00 21 54.0
SA_101_342 09 57 31.2 -00 21 51.0
SA_101_343 09 57 31.3 -00 22 55.5
SA_101_363 09 58 18.7 -00 25 36.2
SA_101_404 09 55 40.7 -00 18 23
SA_101_408 09 56 08.1 -00 12 42
SA_101_410 09 56 09.2 -00 14 03
SA_101_413 09 56 14.0 -00 11 56
SA_101_415 09 56 23.2 -00 16 54
SA_101_421 09 57 16.1 -00 17 18.2
SA_101_424 09 57 20.3 -00 16 25.9
SA_101_427 09 57 26.4 -00 17 17.0
SA_101_429 09 57 31.7 -00 18 15.3
SA_101_431 09 57 37.3 -00 17 53.2
SA_101_88 09 54 42.0 -00 52 00
SA_101_L1 09 55 29.1 -00 21 43
SA_101_L2 09 55 34.7 -00 18 51
SA_101_L3 09 56 55.1 -00 30 26
SA_101_L4 09 57 07.8 -00 31 25
SA_101_L5 09 57 10.2 -00 30 41
SA_101_L6 09 57 39.5 -00 17 53.7
SA_102_1081 10 57 05 -00 13 04
SA_102_620 10 55 06 -00 48 13
SA_103_302 11 56 06 -00 47 54
SA_103_626 11 56 47 -00 21 47
SA_104_237 12 42 17 -00 51 21
SA_104_239 12 42 23 -00 46 36
SA_104_244 12 42 35 -00 45 51
SA_104_306 12 41 04 -00 37 15
SA_104_325 12 42 03 -00 41 39
SA_104_330 12 42 12 -00 40 43
SA_104_334 12 42 21 -00 40 31
SA_104_335 12 42 21 -00 33 12
SA_104_335 12 42 22.0 -00 33 00
SA_104_336 12 42 25 -00 40 02
SA_104_337 12 42 28.0 -00 34 00
SA_104_338 12 42 31 -00 38 36
SA_104_339 12 42 34 -00 41 43
SA_104_350 12 43 14 -00 33 25
SA_104_364 12 43 46 -00 34 34
SA_104_366 12 43 53 -00 34 56
SA_104_367 12 43 58 -00 33 40
SA_104_423 12 41 36 -00 31 18
SA_104_428 12 41 41 -00 26 30
SA_104_428 12 41 41.0 -00 26 00
SA_104_430 12 41 50 -00 25 56
SA_104_439 12 42 13.0 -00 30 00
SA_104_440 12 42 14 -00 24 51
SA_104_443 12 42 20 -00 25 25
SA_104_444 12 42 20 -00 32 32
SA_104_453 12 42 46.0 -00 26 00
SA_104_454 12 42 53.0 -00 26 00
SA_104_455 12 42 52 -00 24 22
SA_104_456 12 42 53 -00 32 09
SA_104_457 12 42 54 -00 28 52
SA_104_460 12 43 03 -00 28 25
SA_104_460 12 43 03.0 -00 28 00
SA_104_461 12 43 06 -00 32 25
SA_104_470 12 43 22 -00 30 00
SA_104_479 12 43 55 -00 32 55
SA_104_484 12 44 20 -00 31 01
SA_104_485 12 44 23 -00 30 20
SA_104_490 12 44 33 -00 25 57
SA_104_598 12 45 17 -00 16 41
SA_104_L1 12 41 44 -00 22 47
SA_104_L2 12 42 19 -00 35 16
SA_105_437 13 37 17 -00 38 05
SA_105_505 13 35 24 -00 23 47
SA_105_595 13 39 58.0 -00 29 00
SA_105_599 13 40 03.0 -00 28 00
SA_105_600 13 40 15.0 -00 29 00
SA_105_815 13 40 04 -00 02 19
SA_106_1024 14 40 07 +00 01 31
SA_106_700 14 40 51 -00 23 50
SA_107_1006 15 38 33 +00 14 04
SA_107_212 15 38 56 -00 45 48
SA_107_213 15 38 57 -00 44 32
SA_107_215 15 38 57 -00 43 24
SA_107_351 15 38 46 -00 32 24
SA_107_351 15 38 46.0 -00 32 00
SA_107_357 15 39 05 -00 39 29
SA_107_359 15 39 09 -00 35 49
SA_107_365 15 39 29.0 -00 30 00
SA_107_452 15 38 37.0 -00 23 00
SA_107_456 15 38 42.8 -00 19 47.0
SA_107_457 15 38 46.8 -00 20 14.9
SA_107_458 15 38 50 -00 24 45
SA_107_459 15 38 51 -00 22 49
SA_107_465 15 39 20.0 -00 27 00
SA_107_469 15 39 39.0 -00 27 00
SA_107_484 15 40 16.8 -00 21 14.6
SA_107_568 15 37 52 -00 17 36
SA_107_592 15 38 50.4 -00 17 09.1
SA_107_596 15 39 02.8 -00 13 50.7
SA_107_599 15 39 09.5 -00 14 28.6
SA_107_600 15 39 09.8 -00 15 52.7
SA_107_601 15 39 13.8 -00 13 27.1
SA_107_602 15 39 18.9 -00 15 29.7
SA_107_611 15 39 35.0 -00 12 36.0
SA_107_612 15 39 35.4 -00 15 07.0
SA_107_614 15 39 41.1 -00 13 10.7
SA_107_619 15 39 50.8 -00 18 04.3
SA_107_626 15 40 05.3 -00 17 28.9
SA_107_627 15 40 07.4 -00 17 22.7
SA_107_636 15 40 40 -00 15 12
SA_107_639 15 40 44 -00 17 29
SA_107_640 15 40 49 -00 17 06
SA_107_720 15 38 37 -00 02 42
SA_107_970 15 37 25 +00 18 16
SA_107_990 15 38 00.0 +02 19 00
SA_108_1848 16 36 58 +00 05 36
SA_108_1863 16 37 13 +00 02 13
SA_108_1918 16 37 50 -00 00 58
SA_108_468 16 36 54.0 -00 33 00
SA_108_475 16 37 00 -00 35 01
SA_108_551 16 37 47 -00 33 27
SA_108_719 16 36 11 -00 25 53
SA_108_981 16 39 17 -00 25 28
SA_109_199 17 45 03 -00 29 51
SA_109_231 17 45 20 -00 26 13
SA_109_381 17 44 12 -00 20 55
SA_109_537 17 45 42 -00 21 57
SA_109_71 17 44 06 -00 25 22
SA_109_949 17 44 13 -00 02 51
SA_109_954 17 44 15 -00 02 39
SA_109_956 17 44 17 -00 02 54
SA_109_959 17 44 18.0 -00 02 00
SA_110_157 18 42 57 -00 09 18
SA_110_229 18 40 46 +00 01 28
SA_110_230 18 40 52 +00 02 01
SA_110_232 18 40 53 +00 01 35
SA_110_233 18 40 53 +00 00 28
SA_110_239 18 41 20 -00 00 08
SA_110_246 18 41 51 +00 04 58
SA_110_266 18 42 50 +00 04 44
SA_110_273 18 43 00 +00 02 01
SA_110_280 18 43 07 -00 04 02
SA_110_290 18 43 22 -00 01 37
SA_110_311 18 43 48 -00 00 44
SA_110_312 18 43 50 -00 00 15
SA_110_315 18 43 53 +00 00 27
SA_110_316 18 43 53 +00 00 43
SA_110_319 18 43 56 +00 01 39
SA_110_339 18 41 27 +00 08 04
SA_110_340 18 41 29 +00 15 00
SA_110_346 18 41 55 +00 09 37
SA_110_349 18 42 13 +00 09 52
SA_110_355 18 42 19 +00 08 02
SA_110_358 18 42 36 +00 14 39
SA_110_360 18 42 40 +00 08 48
SA_110_361 18 42 45 +00 07 42
SA_110_362 18 42 48 +00 06 04
SA_110_364 18 42 52 +00 07 32
SA_110_365 18 42 57 +00 06 58
SA_110_441 18 43 34 +00 19 18
SA_110_450 18 43 52 +00 22 36
SA_110_477 18 41 44 +00 26 19
SA_110_496 18 43 00 +00 30 46
SA_110_497 18 43 03 +00 30 34
SA_110_499 18 43 08 +00 27 38
SA_110_502 18 43 11 +00 27 18
SA_110_503 18 43 12 +00 29 21
SA_110_504 18 43 12 +00 29 43
SA_110_506 18 43 20 +00 30 05
SA_110_507 18 43 20 +00 29 04
SA_110_L1 18 42 50 +00 06 48
SA_111_1925 19 37 28.6 +00 25 02.9
SA_111_1965 19 37 41.6 +00 26 50.7
SA_111_1969 19 37 43.3 +00 25 48.6
SA_111_2039 19 38 04.6 +00 32 12.4
SA_111_2088 19 38 22 +00 30 40
SA_111_2093 19 38 24 +00 31 05
SA_111_773 19 37 17 +00 10 38
SA_111_775 19 37 17 +00 11 44
SA_112_223 20 42 15 +00 08 44
SA_112_250 20 42 27 +00 07 25
SA_112_275 20 42 36 +00 07 03
SA_112_595 20 41 19 +00 16 11
SA_112_704 20 42 03 +00 18 53
SA_112_805 20 42 46.7 +00 16 08.3
SA_112_810 20 42 50.2 +00 17 05.1
SA_112_822 20 42 54.9 +00 15 02.1
SA_113_149 21 42 06 +00 09 14
SA_113_153 21 42 10 +00 14 53
SA_113_156 21 42 22 +00 11 58
SA_113_158 21 42 22 +00 13 56
SA_113_163 21 42 36 +00 16 33
SA_113_165 21 42 39 +00 15 20
SA_113_167 21 42 42 +00 15 55
SA_113_177 21 42 57 +00 14 33
SA_113_182 21 43 09 +00 14 38
SA_113_187 21 43 21 +00 16 39
SA_113_189 21 43 28 +00 17 09
SA_113_191 21 43 34 +00 15 43
SA_113_195 21 43 41 +00 17 09
SA_113_221 21 40 36.5 +00 21 03.5
SA_113_233 21 40 59.1 +00 22 03.2
SA_113_239 21 41 06.9 +00 22 33.9
SA_113_241 21 41 09.2 +00 25 48.5
SA_113_245 21 41 13.3 +00 21 52.9
SA_113_250 21 41 24.6 +00 20 41.0
SA_113_259 21 41 45 +00 17 24
SA_113_260 21 41 49 +00 23 39
SA_113_263 21 41 54 +00 25 24
SA_113_265 21 41 54 +00 17 49
SA_113_268 21 41 58 +00 19 40
SA_113_272 21 42 21 +00 20 44
SA_113_281 21 42 39 +00 18 41
SA_113_307 21 43 31 +00 17 49
SA_113_337 21 40 49.5 +00 27 58.0
SA_113_339 21 40 55.7 +00 27 58.2
SA_113_34 21 41 59 +00 00 54
SA_113_342 21 41 00.2 +00 27 36.6
SA_113_366 21 41 54 +00 29 08
SA_113_372 21 42 02 +00 28 23
SA_113_440 21 40 34.4 +00 41 47.0
SA_113_442 21 40 39.8 +00 44 45.0
SA_113_459 21 41 15 +00 42 50
SA_113_466 21 41 28 +00 40 00
SA_113_475 21 41 51 +00 39 05
SA_113_491 21 42 25 +00 43 40
SA_113_492 21 42 28 +00 38 08
SA_113_493 21 42 29 +00 37 57
SA_113_495 21 42 30 +00 37 54
SA_113_L1 21 40 47.4 +00 28 34.9
SA_114_176 22 43 11 +00 21 09
SA_114_446 22 41 04 +00 45 56
SA_114_531 22 40 37 +00 51 49
SA_114_548 22 41 37 +00 58 59
SA_114_637 22 40 43 +01 03 02
SA_114_654 22 41 26 +01 10 03
SA_114_656 22 41 35 +01 11 01
SA_114_670 22 42 10 +01 10 09
SA_114_750 22 41 45 +01 12 30
SA_115_268 23 42 30 +00 52 09
SA_115_271 23 42 41 +00 45 08
SA_115_412 23 42 01 +01 08 58
SA_115_420 23 42 36 +01 05 56
SA_115_486 23 41 33 +01 16 43
SA_115_516 23 44 15 +01 14 11
SA_115_554 23 41 31 +01 26 24
SA_121968 13 58 51 -02 55 38
SA_92_188 00 55 10.5 +00 23 10
SA_92_235 00 53 15.0 +00 36 18
SA_92_245 00 54 16.1 +00 39 54
SA_92_248 00 54 30.7 +00 40 17
SA_92_249 00 54 33.6 +00 41 05
SA_92_250 00 54 37.1 +00 38 58
SA_92_252 00 54 47.2 +00 39 24
SA_92_253 00 54 51.3 +00 40 20
SA_92_259 00 55 21.7 +00 40 31
SA_92_260 00 55 29.0 +00 37 08
SA_92_263 00 55 39.3 +00 36 20
SA_92_276 00 56 26.6 +00 41 51
SA_92_282 00 56 46.8 +00 38 29
SA_92_288 00 57 17.0 +00 36 48
SA_92_309 00 53 14.0 +00 46 02
SA_92_322 00 53 46.9 +00 47 35
SA_92_330 00 54 43.4 +00 43 26
SA_92_335 00 54 58.3 +00 44 01
SA_92_339 00 55 03.2 +00 44 11
SA_92_342 00 55 09.9 +00 43 13
SA_92_345 00 55 23.7 +00 51 08
SA_92_347 00 55 26.1 +00 50 49
SA_92_348 00 55 29.4 +00 44 33
SA_92_355 00 56 05.7 +00 50 47
SA_92_364 00 56 52.2 +00 43 56
SA_92_409 00 55 12.2 +00 55 59
SA_92_410 00 55 14.2 +01 01 51
SA_92_412 00 55 15.7 +01 01 54
SA_92_417 00 55 32.1 +00 53 07
SA_92_425 00 55 58.2 +00 52 59
SA_92_426 00 55 59.6 +00 52 55
SA_92_427 00 56 06.7 +01 00 20
SA_92_430 00 56 15.2 +00 53 18
SA_92_433 00 56 53.7 +01 00 42
SA_92_497 00 55 54.3 +01 11 43
SA_92_498 00 55 56.5 +01 10 41
SA_92_500 00 55 58.0 +01 10 25
SA_92_501 00 56 00.1 +01 10 51
SA_92_502 00 56 08.1 +01 04 25
SA_92_507 00 56 50.7 +01 05 59
SA_92_508 00 56 51.2 +01 09 34
SA_93_317 01 54 37.8 +00 43 01
SA_93_333 01 55 05.1 +00 45 42
SA_93_407 01 54 36.9 +00 53 49
SA_93_424 01 55 26.4 +00 56 42
SA_94_171 02 53 38.8 +00 17 18
SA_94_242 02 57 21.2 +00 18 39
SA_94_251 02 57 47.0 +00 16 03
SA_94_296 02 55 20.0 +00 28 12
SA_94_394 02 56 14.3 +00 35 12
SA_94_401 02 56 30.8 +00 40 07
SA_94_702 02 58 13.4 +01 10 54
SA_95_100 03 53 00.8 +00 00 16
SA_95_101 03 53 04.1 +00 02 52
SA_95_102 03 53 07.5 +00 01 10
SA_95_105 03 53 21.3 -00 00 19
SA_95_106 03 53 25.1 +00 01 23
SA_95_107 03 53 25.6 +00 02 20
SA_95_112 03 53 40.0 -00 01 11
SA_95_115 03 53 47.7 -00 00 47
SA_95_132 03 54 51.7 +00 05 22
SA_95_137 03 55 03.7 +00 03 28
SA_95_139 03 55 04.6 +00 03 09
SA_95_142 03 55 09.3 +00 01 20
SA_95_149 03 55 44.4 +00 07 04
SA_95_15 03 52 40.2 -00 05 23
SA_95_16 03 52 40.6 -00 05 06
SA_95_190 03 53 13.2 +00 16 23
SA_95_193 03 53 20.5 +00 16 35
SA_95_218 03 54 49.9 +00 10 09
SA_95_227 03 55 08.6 +00 14 35
SA_95_231 03 55 38.8 +00 10 43
SA_95_233 03 55 56.0 +00 12 00
SA_95_236 03 56 13.3 +00 08 46
SA_95_252 03 53 10.6 +00 27 23
SA_95_263 03 53 47.0 +00 26 41
SA_95_271 03 54 16.2 +00 18 52
SA_95_275 03 54 44.2 +00 27 20
SA_95_276 03 54 45.8 +00 25 55
SA_95_284 03 55 41.5 +00 26 37
SA_95_285 03 55 44.1 +00 25 10
SA_95_301 03 52 41.1 +00 31 22
SA_95_302 03 52 42.0 +00 31 19
SA_95_317 03 53 44.1 +00 29 50
SA_95_328 03 54 19.4 +00 36 31
SA_95_329 03 54 23.9 +00 37 07
SA_95_330 03 54 30.7 +00 29 05
SA_95_41 03 53 41.1 -00 02 32
SA_95_42 03 53 43.7 -00 04 33
SA_95_43 03 53 48.6 -00 03 02
SA_95_52 03 54 14.0 -00 08 00
SA_95_60 03 54 49.5 -00 07 04
SA_95_62 03 55 00.3 -00 02 54
SA_95_66 03 55 06.4 -00 09 32
SA_95_74 03 55 31.1 -00 09 13
SA_95_86 03 52 23.0 +00 05 00
SA_95_96 03 52 54.0 +00 00 19
SA_95_97 03 52 57.5 -00 00 19
SA_95_98 03 53 00.2 +00 02 49
SA_96_21 04 51 15.7 -00 14 50
SA_96_235 04 53 18.8 -00 05 02
SA_96_36 04 51 42.4 -00 10 10
SA_96_409 04 52 58.5 +00 09 04
SA_96_736 04 52 35.0 +00 22 00
SA_96_737 04 52 35.3 +00 22 30
SA_96_83 04 52 58.8 -00 14 41
SA_97_224 05 58 45.5 -00 04 46
SA_97_249 05 57 07.5 +00 01 11
SA_97_284 05 58 25.1 +00 05 14
SA_97_345 05 57 33.1 +00 21 16
SA_97_351 05 57 37.3 +00 13 44
SA_97_42 05 57 09.0 -00 11 13
SA_97_75 05 57 55.1 -00 09 29
SA_98_1002 06 51 43.0 -00 15 54
SA_98_1082 06 52 20.1 -00 14 14
SA_98_1087 06 52 21.1 -00 15 51
SA_98_1102 06 52 27.9 -00 13 43
SA_98_1112 06 52 34.8 -00 15 25
SA_98_1119 06 52 36.6 -00 14 32
SA_98_1122 06 52 37.5 -00 17 04
SA_98_1124 06 52 38.0 -00 16 34
SA_98_185 06 52 01.9 -00 27 21.5
SA_98_193 06 52 03.4 -00 27 18.4
SA_98_556 06 51 29.5 -00 24 50.1
SA_98_557 06 51 29.5 -00 25 06.0
SA_98_562 06 51 30.6 -00 18 59
SA_98_563 06 51 31.5 -00 26 25.3
SA_98_580 06 51 39.7 -00 26 42.7
SA_98_581 06 51 39.9 -00 25 41.6
SA_98_590 06 51 43.0 -00 22 18.7
SA_98_600 06 51 44.4 -00 25 33.7
SA_98_607 06 51 47.1 -00 26 26.5
SA_98_613 06 51 48.1 -00 26 29.5
SA_98_614 06 51 48.7 -00 20 33.9
SA_98_618 06 51 49.6 -00 21 13.8
SA_98_624 06 51 51.8 -00 20 15.8
SA_98_626 06 51 52.4 -00 20 43.1
SA_98_627 06 51 53.0 -00 22 01.9
SA_98_632 06 51 54.9 -00 26 01.8
SA_98_634 06 51 55.7 -00 20 54.9
SA_98_642 06 51 59.0 -00 21 31.5
SA_98_646 06 52 02.3 -00 21 15.7
SA_98_650 06 52 04.5 -00 19 37.8
SA_98_652 06 52 04.8 -00 21 55.3
SA_98_653 06 52 04.9 -00 18 18
SA_98_666 06 52 09.9 -00 23 32
SA_98_670 06 52 11.5 -00 19 16
SA_98_671 06 52 11.8 -00 18 24
SA_98_675 06 52 13.3 -00 19 40
SA_98_676 06 52 13.7 -00 19 20
SA_98_682 06 52 16.4 -00 19 41
SA_98_685 06 52 18.4 -00 20 20
SA_98_688 06 52 18.8 -00 23 33
SA_98_724 06 52 37.2 -00 19 21
SA_98_733 06 52 40.0 -00 17 15
SA_98_961 06 51 27.0 -00 15 36
SA_98_966 06 51 28.3 -00 16 25
SA_98_978 06 51 33.7 -00 11 30
SA_98_L1 06 51 39.0 -00 26 36.0
SA_98_L2 06 51 40.5 -00 21 59.0
SA_98_L3 06 51 42.2 -00 15 55
SA_98_L4 06 51 42.2 -00 16 21
SA_98_L5 06 52 15.7 -00 19 44
SA_99_12 07 53 42.0 -00 49 00
SA_99_14 07 53 45.0 -00 49 00
SA_99_438 07 55 54.2 -00 16 50
SA_99_447 07 56 06.6 -00 20 42
SA_99_6 07 53 33.0 -00 50 00
SA_99_8 07 53 34.0 -00 52 00
TPheA 00 30 09.5 46 31 29
TPheB 00 30 16.3 46 27 59
TPheC 00 30 17.0 46 32 22
TPheD 00 30 18.3 46 31 20
TPheE 00 30 19.6 46 24 36
TPheF 00 30 49.6 46 33 24
TPheG 00 31 04.2 46 22 52
WOLF_629 16 55 27 -08 18 53
WOLF_918 21 11 30 -13 08 22
thetacrt 11 36 41.0 -09 48 00
xi2cet 02 28 10.0 08 28 00
